   0.417022004702574   0.720324493442158   0.000114374817345   0.302332572631840
   0.146755890817113   0.092338594768798   0.186260211377671   0.345560727043048
   0.396767474230670   0.538816734003357   0.419194514403295   0.685219500396759
   0.204452249731517   0.878117436390945   0.027387593197926   0.670467510178402
   0.417304802367127   0.558689828445752   0.140386938595234   0.198101489084879
   0.800744568675537   0.968261575719398   0.313424178159243   0.692322615669314
   0.876389152296038   0.894606663503847   0.085044211369778   0.039054783232882
   0.169830419564569   0.878142503429413   0.098346833833050   0.421107625005052
   0.957889530150502   0.533165284973017   0.691877113950473   0.315515631006063
   0.686500927681584   0.834625671897373   0.018288277344192   0.750144314944967
   0.988861088906495   0.748165654379839   0.280443992064405   0.789279328451489
   0.103226006577642   0.447893526175905   0.908595503093096   0.293614148373679
   0.287775338586349   0.130028572118278   0.019366957870297   0.678835532939891
   0.211628116000059   0.265546659372226   0.491573159280338   0.053362545117080
   0.574117605492013   0.146728574905810   0.589305536903284   0.699758360020931
   0.102334428827826   0.414055987819568   0.694400157727745   0.414179269526903
   0.049953458946087   0.535896405915512   0.663794645219789   0.514889112058309
   0.944594755990813   0.586555040501993   0.903401915287883   0.137474704146238
   0.139276347250759   0.807391288709524   0.397676836985534   0.165354197116933
   0.927508580396034   0.347765859745507   0.750812103136156   0.725997985350451
   0.883306091205810   0.623672207055609   0.750942434027337   0.348898341977843
   0.269927891765026   0.895886218196067   0.428091189871295   0.964840047148386
   0.663441497818448   0.621695720209122   0.114745972953375   0.949489258707071
   0.449912133479941   0.578389614387132   0.408136802761281   0.237026980243028
   0.903379520562254   0.573679486672286   0.002870327031159   0.617144913620724
   0.326644901772096   0.527058102257609   0.885942099310775   0.357269760002500
   0.908535150919799   0.623360115791803   0.015821242846556   0.929437233743761
   0.690896917516924   0.997322850451481   0.172340508345329   0.137135749628878
   0.932595463037164   0.696818161489900   0.066000172722062   0.755463052602466
   0.753876188461246   0.923024535546483   0.711524758628472   0.124270961972165
   0.019880133839796   0.026210986877719   0.028306488020795   0.246211067603046
   0.860027948682888   0.538831064341653   0.552821978685766   0.842030892359606
   0.124173315119911   0.279183679011139   0.585759271458288   0.969595748319675
   0.561030219255710   0.018647289372943   0.800632672680616   0.232974273841020
   0.807105195618779   0.387860644064172   0.863541854559429   0.747121642737185
   0.556240233990419   0.136455225660685   0.059917689512212   0.121343455740737
   0.044551878544762   0.107494129106093   0.225709338607855   0.712988980382677
   0.559716982054142   0.012555980159116   0.071974279689487   0.967276330000272
   0.568100461919942   0.203293234660990   0.252325744570323   0.743825854075093
   0.195429481109319   0.581358927273258   0.970019989088312   0.846828801490035
   0.239847759147586   0.493769714268730   0.619955718381380   0.828980899550179
   0.156791394646084   0.018576202177410   0.070022143719222   0.486345110937032
   0.606329461653330   0.568851437086481   0.317362409322161   0.988616154412449
   0.579745219245797   0.380141172623550   0.550948219117897   0.745334430906502
   0.669232893453185   0.264919557662809   0.066334834428442   0.370084197914106
   0.629717507021564   0.210174009914840   0.752755553738814   0.066536481354115
   0.260315098578541   0.804754563743345   0.193434282623328   0.639460880879940
   0.524670309123734   0.924807970399351   0.263296770487111   0.065961090684024
   0.735065963288669   0.772178029543247   0.907815852503524   0.931972069196837
   0.013951572975597   0.234362086121421   0.616778357001658   0.949016320687616
   0.950176119247080   0.556653188195156   0.915606349766275   0.641566208946338
   0.390007714141246   0.485990667096910   0.604310482919973   0.549547921508563
   0.926181426706454   0.918733435633606   0.394875612923555   0.963262528440712
   0.173955666680464   0.126329519439637   0.135079158046731   0.505662165676897
   0.021524805274198   0.947970211217681   0.827115471170732   0.015018980742122
   0.176196255575055   0.332063574366837   0.130996844810917   0.809490692126582
   0.344736652683293   0.940107482333367   0.582014179947080   0.878831984411844
   0.844734445392222   0.905392318708649   0.459880265816807   0.546346816020373
   0.798603591152039   0.285718851734148   0.490253522619928   0.599110307645878
   0.015533275550836   0.593481408196637   0.433676348989458   0.807360528884841
   0.315244803095373   0.892888708525151   0.577857215284535   0.184010201627465
   0.787929233825504   0.612031177044934   0.053909272073753   0.420193680001132
   0.679068836565430   0.918601777977526   0.000402024891357   0.976759149031060
   0.376580314745774   0.973783538358323   0.604716100974053   0.828845807980693
   0.574711504708102   0.628076198307350   0.285576281695694   0.586833340656083
   0.750021763702660   0.858313836429042   0.755082188467680   0.698057248447303
   0.864479430054600   0.322680996836746   0.670788790787587   0.450873936413349
   0.382102752031517   0.410811349922186   0.401479583469541   0.317383945958277
   0.621919367920301   0.430247270821264   0.973802077927252   0.677800891434311
   0.198569888427111   0.426701009348033   0.343346239774423   0.797638803958567
   0.879998288563432   0.903841955826372   0.662719812375262   0.270208262029758
   0.252366701504590   0.854897942697402   0.527714646308747   0.802161084004598
   0.572488517191606   0.733142525287511   0.519011627464056   0.770883910501888
   0.568857990704716   0.465709878591981   0.342688907953282   0.068209348416704
   0.377924179328100   0.079626077698252   0.982817113730445   0.181612851330764
   0.811858697720540   0.874961644955898   0.688413252385943   0.569494412745376